16807 
1277844 
1887638 
6441594 
9135231 
13618676 
16531729 
24301412 
32106102 
34075629 
41000625 
47424385 
57716395 
60935238 
70982397 
74243042 
101027544 
101929267 
107554536 
114807987 
121205400 
130060903 
140002776 
143542612 
143558780 
152607844 
156091745 
158374933 
168068960 
171620203 
174076737 
175530180 
194847408 
195400260 
197493099 
197941363 
203042009 
218264607 
222122669 
252193898 
269220094 
270649095 
272112289 
280090412 
281725226 
282475249 
290145159 
290623720 
293034748 
298918984 
304555640 
304987844 
307187357 
316824712 
318153057 
322842082 
322968418 
329863108 
330111137 
338725129 
343098142 
345205658 
347221711 
348318738 
350213900 
357571490 
367603950 
379847699 
382955828 
388471006 
411938554 
416541976 
428540556 
428975319 
436476770 
440796531 
454233502 
456880399 
458588260 
459244054 
462242385 
462851407 
463482574 
470211272 
471180773 
487495370 
500782188 
501650447 
510616708 
515204530 
524102504 
529855395 
530511967 
532236123 
537140623 
541437335 
543436550 
545293947 
552265483 
555860589 
563613512 
571540977 
572547747 
578134256 
578354438 
585640194 
588860917 
589673557 
590357944 
595028635 
599777254 
600246897 
605925150 
609960597 
616783871 
621301815 
657821123 
667306633 
678030193 
678620591 
681910962 
684570285 
685118024 
685428651 
685583454 
690545035 
704877633 
707953178 
738342585 
750597385 
753799505 
771515668 
784170963 
784558821 
784559590 
794014915 
795054873 
823378840 
823564440 
824938981 
828530767 
832633821 
832861200 
834991545 
836045813 
836941832 
837204200 
843998877 
855007065 
862929593 
877819790 
881140534 
884936716 
889119397 
889688008 
892053144 
893351816 
896544303 
897054849 
907225550 
915896220 
925238588 
937186357 
937217003 
937673930 
943454679 
944303455 
944975825 
957828015 
959637304 
967113755 
971307217 
977764947 
978719103 
984943658 
988774857 
989340000 
992663534 
994977995 
996497972 
997389814 
1004016855 
1004844897 
1012028144 
1021979358 
1023129506 
1025921153 
1042227878 
1044788124 
1049077006 
1049997439 
1060806853 
1064488480 
1070477904 
1073185695 
1075260298 
1083454666 
1086531968 
1102246882 
1103669955 
1104740033 
1105222769 
1108728549 
1110561113 
1112576031 
1113423934 
1115438165 
1122721015 
1127401868 
1129841133 
1131570933 
1135048762 
1137522503 
1137623865 
1144108930 
1147722294 
1153851501 
1154112991 
1163313729 
1168120094 
1168279879 
1172819419 
1189515557 
1190959745 
1194314738 
1195795737 
1213110679 
1227619358 
1238489553 
1250739824 
1255820950 
1260973671 
1262696576 
1262976197 
1264817709 
1267248590 
1269406752 
1284660444 
1289335735 
1290659378 
1300601360 
1323602331 
1334948905 
1341853635 
1351345223 
1351934195 
1351995223 
1353963249 
1356425228 
1358580979 
1358796011 
1360280366 
1363045322 
1380786643 
1398556760 
1399125485 
1399399247 
1400285365 
1404280278 
1420250114 
1433829874 
1437784630 
1439025357 
1441282327 
1442645480 
1452207730 
1457850878 
1458777923 
1459413496 
1461495731 
1463179852 
1464689331 
1465645203 
1474833169 
1478446501 
1479575244 
1486421564 
1490404473 
1493959603 
1494664305 
1495170053 
1502883016 
1505795335 
1507977295 
1509658266 
1517273377 
1518163459 
1520045406 
1522395419 
1524325968 
1532062767 
1534827968 
1536830211 
1547837107 
1551901393 
1557810404 
1561939997 
1564674546 
1567121210 
1580723810 
1581030105 
1586983133 
1592822761 
1603481258 
1606946231 
1614285132 
1616927224 
1617819336 
1618907920 
1622650073 
1623161625 
1624379149 
1635339425 
1636807826 
1637608155 
1640687929 
1646035001 
1654001669 
1660760808 
1668306648 
1681462533 
1681808623 
1683337704 
1706755176 
1719533808 
1723153177 
1724586126 
1732267506 
1737195272 
1746474819 
1754711748 
1755699915 
1760348381 
1771024152 
1777724115 
1778878209 
1779636775 
1780776563 
1784484492 
1796198014 
1807130337 
1808266298 
1812423303 
1815859901 
1816731566 
1817129560 
1828087692 
1847320614 
1848682420 
1859468872 
1864546517 
1866729662 
1882410547 
1893015680 
1899894091 
1901915394 
1902737335 
1904797942 
1908194298 
1911300560 
1912844175 
1927702196 
1936329094 
1939824520 
1942727722 
1951894885 
1952509530 
1954899097 
1962408013 
1968456301 
1971062967 
1998097157 
2000755539 
2007237709 
2014119113 
2018984926 
2020739063 
2028841238 
2034712366 
2034837525 
2035308228 
2043046042 
2044747317 
2049590396 
2051621609 
2051724831 
2063936098 
2083245269 
2110010672 
2111482797 
2111631616 
2118498354 
2118797801 
2119878818 
2121578553 
2124639789 
2128236579 
2129300973 
2145586676 
2146319451 
